7 113 1.000000
14 105 1.000000
14 114 1.000000
0 121 1.000000
8 119 1.000000
3 121 1.000000
3 118 1.000000
3 118 0.000000
3 116 1.000000
3 116 0.000000
3 116 1.000000
13 118 1.000000
21 115 1.000000
21 115 0.000000
18 113 1.000000
17 113 1.000000
20 113 1.000000
19 113 1.000000
53 92 1.000000
52 98 1.000000
48 100 1.000000
48 100 0.000000
47 100 1.000000
46 99 1.000000
46 99 0.000000
42 99 1.000000
42 99 0.000000
42 99 1.000000
33 85 1.000000
18 71 1.000000
18 100 1.000000
1 103 1.000000
1 103 0.000000
5 103 1.000000
5 103 0.000000
15 108 1.000000
19 110 1.000000
34 105 1.000000
37 99 1.000000
38 104 1.000000
38 104 0.000000
